			 N = 20000
Thread = 1 		 Time = 0.000000000000000000000000000000
Thread = 2 		 Time = 0.000000000000000000000000000000
Thread = 3 		 Time = 0.000000000000000000000000000000
Thread = 4 		 Time = 0.000000000000000000000000000000
